#  Units of output data:
#  Energy (MeV)
#  Angle (degree)
#  Mass (MeV and/or amu)
#
#    4He( 34S ,  1H ) 37Cl     2003 nuclear masses,   uses 931.49401 MeV/amu
# rest masses  incident  31632.6986827( 33.959100517) calculated Q=  -3.0357892
#                target   3727.3790331(  4.001506179)
#          (outgoing) C    938.2719963(  1.007276469)
#          (residual) D  34424.8415087( 36.956589281)
# incident lab energy   55.4400    incident lab momentum   1873.6348
#                     CENTER-OF-MASS PARAMETERS:
# total energy 35365.9213 beta(c.m.)0.0529 gamma(c.m.) 1.0014 S=  1.250748E+09
# part A:tot en 31633.3150 mom   197.4711
# part B:tot en  3732.6062 mom   197.4711
# part C:tot en   941.0052 mom    71.6686 beta  0.0762 gam 1.0029 MQ   0.0764
# part D:tot en 34424.9161 mom    71.6686 beta  0.0021 gam 1.0000 MQ   0.0021
#
#                   particle C            particle D
#     cm     lab   kinetic   Jacobian     lab   kinetic  Jacobian
#  angle   angle    energy     factor   angle    energy    factor
   0.00    0.00   7.84971  3.4724E-01    0.00    44.554 -1.673E-03
   1.00    0.59   7.84913  3.4726E-01    0.04    44.555 -1.673E-03
   2.00    1.18   7.84740  3.4731E-01    0.08    44.557 -1.672E-03
   3.00    1.77   7.84451  3.4739E-01    0.12    44.560 -1.671E-03
   4.00    2.36   7.84046  3.4751E-01    0.16    44.564 -1.669E-03
   5.00    2.95   7.83526  3.4766E-01    0.20    44.569 -1.666E-03
   6.00    3.54   7.82891  3.4785E-01    0.24    44.575 -1.663E-03
   7.00    4.13   7.82141  3.4807E-01    0.29    44.583 -1.659E-03
   8.00    4.72   7.81276  3.4832E-01    0.33    44.591 -1.654E-03
   9.00    5.31   7.80297  3.4861E-01    0.37    44.601 -1.649E-03
  10.00    5.89   7.79203  3.4893E-01    0.41    44.612 -1.644E-03
  11.00    6.49   7.77995  3.4929E-01    0.45    44.624 -1.637E-03
  12.00    7.08   7.76674  3.4968E-01    0.49    44.637 -1.631E-03
  13.00    7.67   7.75240  3.5011E-01    0.53    44.652 -1.623E-03
  14.00    8.26   7.73693  3.5057E-01    0.57    44.667 -1.615E-03
  15.00    8.85   7.72034  3.5107E-01    0.61    44.684 -1.607E-03
  16.00    9.44   7.70263  3.5160E-01    0.64    44.702 -1.598E-03
  17.00   10.03   7.68381  3.5217E-01    0.68    44.720 -1.588E-03
  18.00   10.62   7.66388  3.5278E-01    0.72    44.740 -1.578E-03
  19.00   11.21   7.64285  3.5342E-01    0.76    44.761 -1.567E-03
  20.00   11.80   7.62073  3.5410E-01    0.80    44.783 -1.556E-03
  21.00   12.40   7.59752  3.5482E-01    0.84    44.807 -1.545E-03
  22.00   12.99   7.57324  3.5557E-01    0.88    44.831 -1.532E-03
  23.00   13.58   7.54788  3.5636E-01    0.91    44.856 -1.519E-03
  24.00   14.17   7.52145  3.5719E-01    0.95    44.883 -1.506E-03
  25.00   14.77   7.49397  3.5806E-01    0.99    44.910 -1.492E-03
  26.00   15.36   7.46544  3.5897E-01    1.02    44.939 -1.478E-03
  27.00   15.96   7.43588  3.5992E-01    1.06    44.968 -1.463E-03
  28.00   16.55   7.40528  3.6091E-01    1.09    44.999 -1.448E-03
  29.00   17.15   7.37366  3.6194E-01    1.13    45.031 -1.432E-03
  30.00   17.74   7.34103  3.6301E-01    1.17    45.063 -1.416E-03
  31.00   18.34   7.30739  3.6413E-01    1.20    45.097 -1.399E-03
  32.00   18.93   7.27277  3.6529E-01    1.23    45.131 -1.382E-03
  33.00   19.53   7.23716  3.6649E-01    1.27    45.167 -1.364E-03
  34.00   20.13   7.20059  3.6773E-01    1.30    45.204 -1.346E-03
  35.00   20.73   7.16305  3.6902E-01    1.33    45.241 -1.327E-03
  36.00   21.32   7.12457  3.7036E-01    1.37    45.280 -1.309E-03
  37.00   21.92   7.08515  3.7174E-01    1.40    45.319 -1.289E-03
  38.00   22.52   7.04481  3.7317E-01    1.43    45.359 -1.269E-03
  39.00   23.12   7.00356  3.7465E-01    1.46    45.401 -1.249E-03
  40.00   23.72   6.96141  3.7618E-01    1.49    45.443 -1.229E-03
  41.00   24.32   6.91837  3.7775E-01    1.52    45.486 -1.208E-03
  42.00   24.93   6.87446  3.7938E-01    1.55    45.530 -1.187E-03
  43.00   25.53   6.82969  3.8106E-01    1.58    45.575 -1.165E-03
  44.00   26.13   6.78408  3.8280E-01    1.61    45.620 -1.143E-03
  45.00   26.74   6.73763  3.8458E-01    1.64    45.667 -1.121E-03
  46.00   27.34   6.69036  3.8643E-01    1.66    45.714 -1.098E-03
  47.00   27.95   6.64229  3.8833E-01    1.69    45.762 -1.075E-03
  48.00   28.55   6.59344  3.9029E-01    1.72    45.811 -1.052E-03
  49.00   29.16   6.54380  3.9230E-01    1.74    45.860 -1.029E-03
  50.00   29.77   6.49341  3.9438E-01    1.77    45.911 -1.005E-03
  51.00   30.38   6.44228  3.9652E-01    1.79    45.962 -9.808E-04
  52.00   30.99   6.39042  3.9872E-01    1.82    46.014 -9.565E-04
  53.00   31.60   6.33785  4.0099E-01    1.84    46.066 -9.319E-04
  54.00   32.21   6.28458  4.0333E-01    1.86    46.120 -9.071E-04
  55.00   32.82   6.23063  4.0573E-01    1.89    46.174 -8.820E-04
  56.00   33.44   6.17601  4.0821E-01    1.91    46.228 -8.567E-04
  57.00   34.05   6.12075  4.1075E-01    1.93    46.283 -8.313E-04
  58.00   34.67   6.06487  4.1337E-01    1.95    46.339 -8.056E-04
  59.00   35.28   6.00836  4.1607E-01    1.97    46.396 -7.797E-04
  60.00   35.90   5.95126  4.1884E-01    1.99    46.453 -7.537E-04
  61.00   36.52   5.89359  4.2170E-01    2.01    46.511 -7.275E-04
  62.00   37.14   5.83535  4.2463E-01    2.02    46.569 -7.011E-04
  63.00   37.76   5.77657  4.2765E-01    2.04    46.628 -6.746E-04
  64.00   38.39   5.71727  4.3076E-01    2.06    46.687 -6.479E-04
  65.00   39.01   5.65745  4.3396E-01    2.07    46.747 -6.212E-04
  66.00   39.64   5.59715  4.3725E-01    2.09    46.807 -5.943E-04
  67.00   40.26   5.53638  4.4064E-01    2.10    46.868 -5.673E-04
  68.00   40.89   5.47516  4.4413E-01    2.12    46.929 -5.402E-04
  69.00   41.52   5.41350  4.4772E-01    2.13    46.991 -5.130E-04
  70.00   42.15   5.35143  4.5141E-01    2.14    47.053 -4.858E-04
  71.00   42.78   5.28897  4.5521E-01    2.16    47.115 -4.584E-04
  72.00   43.42   5.22612  4.5912E-01    2.17    47.178 -4.311E-04
  73.00   44.05   5.16292  4.6315E-01    2.18    47.241 -4.036E-04
  74.00   44.69   5.09938  4.6730E-01    2.19    47.305 -3.762E-04
  75.00   45.33   5.03553  4.7157E-01    2.20    47.369 -3.487E-04
  76.00   45.97   4.97137  4.7597E-01    2.20    47.433 -3.212E-04
  77.00   46.62   4.90693  4.8050E-01    2.21    47.497 -2.937E-04
  78.00   47.26   4.84224  4.8517E-01    2.22    47.562 -2.662E-04
  79.00   47.91   4.77730  4.8998E-01    2.23    47.627 -2.387E-04
  80.00   48.56   4.71214  4.9494E-01    2.23    47.692 -2.112E-04
  81.00   49.21   4.64678  5.0005E-01    2.24    47.757 -1.838E-04
  82.00   49.86   4.58124  5.0533E-01    2.24    47.823 -1.563E-04
  83.00   50.52   4.51554  5.1076E-01    2.24    47.889 -1.290E-04
  84.00   51.18   4.44970  5.1637E-01    2.25    47.955 -1.017E-04
  85.00   51.84   4.38374  5.2215E-01    2.25    48.020 -7.441E-05
  86.00   52.50   4.31767  5.2812E-01    2.25    48.087 -4.723E-05
  87.00   53.17   4.25153  5.3428E-01    2.25    48.153 -2.013E-05
  88.00   53.83   4.18533  5.4065E-01    2.25    48.219  6.888E-06
  89.00   54.50   4.11908  5.4722E-01    2.25    48.285  3.381E-05
  90.00   55.18   4.05282  5.5401E-01    2.25    48.351  6.063E-05
  91.00   55.85   3.98655  5.6102E-01    2.25    48.418  8.734E-05
  92.00   56.53   3.92031  5.6828E-01    2.25    48.484  1.139E-04
  93.00   57.22   3.85410  5.7577E-01    2.24    48.550  1.404E-04
  94.00   57.90   3.78796  5.8353E-01    2.24    48.616  1.667E-04
  95.00   58.59   3.72190  5.9156E-01    2.23    48.682  1.929E-04
  96.00   59.28   3.65593  5.9987E-01    2.23    48.748  2.190E-04
  97.00   59.98   3.59009  6.0847E-01    2.22    48.814  2.449E-04
  98.00   60.68   3.52439  6.1738E-01    2.22    48.880  2.706E-04
  99.00   61.38   3.45885  6.2661E-01    2.21    48.945  2.962E-04
 100.00   62.09   3.39349  6.3619E-01    2.20    49.011  3.216E-04
 101.00   62.80   3.32833  6.4612E-01    2.19    49.076  3.468E-04
 102.00   63.51   3.26340  6.5642E-01    2.18    49.141  3.718E-04
 103.00   64.23   3.19870  6.6711E-01    2.17    49.206  3.966E-04
 104.00   64.96   3.13426  6.7821E-01    2.16    49.270  4.213E-04
 105.00   65.69   3.07011  6.8975E-01    2.15    49.334  4.457E-04
 106.00   66.42   3.00625  7.0174E-01    2.14    49.398  4.699E-04
 107.00   67.16   2.94271  7.1421E-01    2.13    49.461  4.940E-04
 108.00   67.90   2.87951  7.2718E-01    2.11    49.525  5.177E-04
 109.00   68.65   2.81667  7.4068E-01    2.10    49.588  5.413E-04
 110.00   69.41   2.75420  7.5475E-01    2.09    49.650  5.646E-04
 111.00   70.17   2.69213  7.6941E-01    2.07    49.712  5.877E-04
 112.00   70.93   2.63047  7.8469E-01    2.06    49.774  6.106E-04
 113.00   71.71   2.56925  8.0064E-01    2.04    49.835  6.332E-04
 114.00   72.49   2.50848  8.1728E-01    2.02    49.896  6.556E-04
 115.00   73.27   2.44818  8.3467E-01    2.01    49.956  6.777E-04
 116.00   74.07   2.38837  8.5284E-01    1.99    50.016  6.996E-04
 117.00   74.87   2.32906  8.7185E-01    1.97    50.075  7.211E-04
 118.00   75.67   2.27028  8.9174E-01    1.95    50.134  7.425E-04
 119.00   76.49   2.21204  9.1257E-01    1.93    50.192  7.635E-04
 120.00   77.32   2.15437  9.3440E-01    1.91    50.250  7.843E-04
 121.00   78.15   2.09727  9.5729E-01    1.89    50.307  8.048E-04
 122.00   78.99   2.04077  9.8131E-01    1.87    50.363  8.250E-04
 123.00   79.85   1.98488  1.0065E+00    1.85    50.419  8.449E-04
 124.00   80.71   1.92962  1.0331E+00    1.83    50.475  8.645E-04
 125.00   81.58   1.87501  1.0609E+00    1.80    50.529  8.839E-04
 126.00   82.47   1.82106  1.0903E+00    1.78    50.583  9.029E-04
 127.00   83.36   1.76779  1.1212E+00    1.76    50.636  9.217E-04
 128.00   84.27   1.71521  1.1538E+00    1.73    50.689  9.401E-04
 129.00   85.19   1.66335  1.1882E+00    1.71    50.741  9.582E-04
 130.00   86.12   1.61222  1.2246E+00    1.68    50.792  9.761E-04
 131.00   87.07   1.56183  1.2630E+00    1.66    50.842  9.936E-04
 132.00   88.03   1.51220  1.3036E+00    1.63    50.892  1.011E-03
 133.00   89.01   1.46334  1.3466E+00    1.60    50.941  1.028E-03
 134.00   90.00   1.41527  1.3922E+00    1.58    50.989  1.044E-03
 135.00   91.01   1.36801  1.4405E+00    1.55    51.036  1.060E-03
 136.00   92.04   1.32156  1.4918E+00    1.52    51.083  1.076E-03
 137.00   93.09   1.27594  1.5464E+00    1.49    51.128  1.092E-03
 138.00   94.15   1.23117  1.6044E+00    1.46    51.173  1.107E-03
 139.00   95.24   1.18726  1.6661E+00    1.43    51.217  1.122E-03
 140.00   96.35   1.14423  1.7319E+00    1.40    51.260  1.137E-03
 141.00   97.48   1.10207  1.8021E+00    1.37    51.302  1.151E-03
 142.00   98.64   1.06082  1.8770E+00    1.34    51.343  1.165E-03
 143.00   99.82   1.02048  1.9570E+00    1.31    51.384  1.178E-03
 144.00  101.03 9.811E-01  2.0426E+00    1.28    51.423  1.192E-03
 145.00  102.27 9.426E-01  2.1341E+00    1.25    51.462  1.205E-03
 146.00  103.53 9.050E-01  2.2322E+00    1.22    51.499  1.217E-03
 147.00  104.83 8.685E-01  2.3373E+00    1.19    51.536  1.229E-03
 148.00  106.17 8.329E-01  2.4500E+00    1.15    51.571  1.241E-03
 149.00  107.54 7.982E-01  2.5709E+00    1.12    51.606  1.253E-03
 150.00  108.95 7.646E-01  2.7008E+00    1.09    51.640  1.264E-03
 151.00  110.39 7.320E-01  2.8402E+00    1.06    51.672  1.274E-03
 152.00  111.88 7.004E-01  2.9901E+00    1.02    51.704  1.285E-03
 153.00  113.42 6.698E-01  3.1511E+00    0.99    51.734  1.295E-03
 154.00  115.00 6.402E-01  3.3241E+00    0.95    51.764  1.305E-03
 155.00  116.64 6.117E-01  3.5100E+00    0.92    51.793  1.314E-03
 156.00  118.32 5.842E-01  3.7096E+00    0.88    51.820  1.323E-03
 157.00  120.07 5.578E-01  3.9238E+00    0.85    51.846  1.332E-03
 158.00  121.87 5.324E-01  4.1534E+00    0.81    51.872  1.340E-03
 159.00  123.73 5.081E-01  4.3992E+00    0.78    51.896  1.348E-03
 160.00  125.66 4.849E-01  4.6619E+00    0.74    51.919  1.355E-03
 161.00  127.66 4.628E-01  4.9419E+00    0.71    51.941  1.363E-03
 162.00  129.73 4.418E-01  5.2396E+00    0.67    51.962  1.370E-03
 163.00  131.87 4.218E-01  5.5550E+00    0.63    51.982  1.376E-03
 164.00  134.09 4.030E-01  5.8878E+00    0.60    52.001  1.382E-03
 165.00  136.39 3.853E-01  6.2370E+00    0.56    52.019  1.388E-03
 166.00  138.77 3.687E-01  6.6013E+00    0.52    52.036  1.393E-03
 167.00  141.23 3.532E-01  6.9787E+00    0.49    52.051  1.398E-03
 168.00  143.78 3.389E-01  7.3661E+00    0.45    52.065  1.403E-03
 169.00  146.42 3.257E-01  7.7600E+00    0.41    52.079  1.407E-03
 170.00  149.14 3.136E-01  8.1556E+00    0.38    52.091  1.411E-03
 171.00  151.94 3.027E-01  8.5472E+00    0.34    52.102  1.414E-03
 172.00  154.82 2.929E-01  8.9284E+00    0.30    52.111  1.418E-03
 173.00  157.78 2.842E-01  9.2918E+00    0.26    52.120  1.420E-03
 174.00  160.81 2.767E-01  9.6295E+00    0.23    52.127  1.423E-03
 175.00  163.90 2.704E-01  9.9333E+00    0.19    52.134  1.425E-03
 176.00  167.05 2.652E-01  1.0195E+01    0.15    52.139  1.427E-03
 177.00  170.25 2.611E-01  1.0408E+01    0.11    52.143  1.428E-03
 178.00  173.48 2.582E-01  1.0565E+01    0.08    52.146  1.429E-03
 179.00  176.73 2.565E-01  1.0661E+01    0.04    52.148  1.429E-03
 180.00  180.00 2.559E-01  1.0694E+01    0.00    52.148  1.430E-03

#    4He( 34S ,  1H ) 37C l     2003 nuclear masses,    uses 931.49401 MeV/amu
# rest masses  incident   31632.6986827( 33.959100517)  calculated Q=  -4.7623692
#                target    3727.3790331(  4.001506179)
#          (outgoing) C     938.2719963(  1.007276469)
#          (residual) D   34426.5680887( 36.958442841)
# particle D is in excite d state of energy   1.72658
# incident lab energy   5 5.4400    incident lab moment um   1873.6348
#                     CEN TER-OF-MASS PARAMETERS:
# total energy 35365.9213  beta(c.m.)0.0529 gamma(c.m.)  1.0014 S=  1.250748E+09
# part A:tot en 31633.315 0 mom   197.4711
# part B:tot en  3732.606 2 mom   197.4711
# part C:tot en   939.324 5 mom    44.4540 beta  0.0473  gam 1.0011 MQ   0.0474
# part D:tot en 34426.596 8 mom    44.4540 beta  0.0013  gam 1.0000 MQ   0.0013
#
#                   parti cle C            particle D
#     cm     lab   kineti c   Jacobian     lab   kineti c  Jacobian
#  angle   angle    energ y     factor   angle    energ y    factor
   0.00    0.00   4.72489  2.2232E-01    0.00    45.953 -6.242E-04
   1.00    0.47   4.72453  2.2233E-01    0.02    45.953 -6.241E-04
   2.00    0.94   4.72345  2.2235E-01    0.05    45.954 -6.237E-04
   3.00    1.41   4.72166  2.2239E-01    0.07    45.956 -6.232E-04
   4.00    1.89   4.71915  2.2244E-01    0.10    45.958 -6.225E-04
   5.00    2.36   4.71593  2.2251E-01    0.12    45.962 -6.215E-04
   6.00    2.83   4.71199  2.2259E-01    0.15    45.966 -6.204E-04
   7.00    3.30   4.70733  2.2269E-01    0.17    45.970 -6.190E-04
   8.00    3.77   4.70197  2.2280E-01    0.20    45.976 -6.175E-04
   9.00    4.24   4.69589  2.2293E-01    0.22    45.982 -6.157E-04
  10.00    4.71   4.68911  2.2307E-01    0.25    45.989 -6.137E-04
  11.00    5.19   4.68162  2.2323E-01    0.27    45.996 -6.115E-04
  12.00    5.66   4.67342  2.2340E-01    0.30    46.004 -6.092E-04
  13.00    6.13   4.66453  2.2359E-01    0.32    46.013 -6.066E-04
  14.00    6.60   4.65493  2.2380E-01    0.35    46.023 -6.038E-04
  15.00    7.07   4.64464  2.2402E-01    0.37    46.033 -6.008E-04
  16.00    7.54   4.63366  2.2425E-01    0.39    46.044 -5.976E-04
  17.00    8.01   4.62198  2.2450E-01    0.42    46.056 -5.942E-04
  18.00    8.48   4.60962  2.2477E-01    0.44    46.068 -5.906E-04
  19.00    8.95   4.59658  2.2505E-01    0.47    46.081 -5.868E-04
  20.00    9.42   4.58286  2.2535E-01    0.49    46.095 -5.829E-04
  21.00    9.90   4.56846  2.2567E-01    0.51    46.109 -5.787E-04
  22.00   10.37   4.55340  2.2600E-01    0.54    46.124 -5.744E-04
  23.00   10.84   4.53767  2.2634E-01    0.56    46.140 -5.698E-04
  24.00   11.31   4.52128  2.2670E-01    0.58    46.156 -5.651E-04
  25.00   11.78   4.50423  2.2708E-01    0.60    46.173 -5.602E-04
  26.00   12.25   4.48654  2.2748E-01    0.63    46.191 -5.551E-04
  27.00   12.72   4.46820  2.2789E-01    0.65    46.209 -5.498E-04
  28.00   13.19   4.44922  2.2832E-01    0.67    46.228 -5.444E-04
  29.00   13.66   4.42960  2.2876E-01    0.69    46.248 -5.387E-04
  30.00   14.13   4.40936  2.2922E-01    0.71    46.268 -5.329E-04
  31.00   14.60   4.38850  2.2970E-01    0.73    46.289 -5.270E-04
  32.00   15.07   4.36702  2.3020E-01    0.76    46.311 -5.208E-04
  33.00   15.53   4.34494  2.3071E-01    0.78    46.333 -5.145E-04
  34.00   16.00   4.32225  2.3124E-01    0.80    46.355 -5.081E-04
  35.00   16.47   4.29897  2.3179E-01    0.82    46.379 -5.015E-04
  36.00   16.94   4.27510  2.3236E-01    0.84    46.403 -4.947E-04
  37.00   17.41   4.25065  2.3294E-01    0.86    46.427 -4.878E-04
  38.00   17.88   4.22563  2.3354E-01    0.88    46.452 -4.807E-04
  39.00   18.35   4.20004  2.3416E-01    0.90    46.478 -4.734E-04
  40.00   18.81   4.17390  2.3480E-01    0.91    46.504 -4.661E-04
  41.00   19.28   4.14720  2.3546E-01    0.93    46.530 -4.585E-04
  42.00   19.75   4.11997  2.3614E-01    0.95    46.558 -4.509E-04
  43.00   20.22   4.09220  2.3683E-01    0.97    46.585 -4.431E-04
  44.00   20.69   4.06390  2.3755E-01    0.99    46.614 -4.352E-04
  45.00   21.15   4.03509  2.3828E-01    1.00    46.643 -4.271E-04
  46.00   21.62   4.00578  2.3903E-01    1.02    46.672 -4.189E-04
  47.00   22.09   3.97596  2.3981E-01    1.04    46.702 -4.106E-04
  48.00   22.55   3.94566  2.4060E-01    1.05    46.732 -4.022E-04
  49.00   23.02   3.91487  2.4142E-01    1.07    46.763 -3.937E-04
  50.00   23.48   3.88361  2.4225E-01    1.09    46.794 -3.850E-04
  51.00   23.95   3.85190  2.4311E-01    1.10    46.826 -3.762E-04
  52.00   24.41   3.81973  2.4398E-01    1.12    46.858 -3.674E-04
  53.00   24.88   3.78712  2.4488E-01    1.13    46.891 -3.584E-04
  54.00   25.34   3.75408  2.4580E-01    1.15    46.924 -3.493E-04
  55.00   25.81   3.72062  2.4675E-01    1.16    46.957 -3.401E-04
  56.00   26.27   3.68674  2.4771E-01    1.17    46.991 -3.309E-04
  57.00   26.74   3.65246  2.4870E-01    1.19    47.025 -3.215E-04
  58.00   27.20   3.61780  2.4971E-01    1.20    47.060 -3.121E-04
  59.00   27.66   3.58275  2.5074E-01    1.21    47.095 -3.025E-04
  60.00   28.13   3.54733  2.5180E-01    1.22    47.130 -2.929E-04
  61.00   28.59   3.51156  2.5288E-01    1.24    47.166 -2.833E-04
  62.00   29.05   3.47544  2.5398E-01    1.25    47.202 -2.735E-04
  63.00   29.51   3.43898  2.5511E-01    1.26    47.239 -2.637E-04
  64.00   29.97   3.40219  2.5626E-01    1.27    47.275 -2.538E-04
  65.00   30.43   3.36509  2.5744E-01    1.28    47.313 -2.439E-04
  66.00   30.89   3.32769  2.5864E-01    1.29    47.350 -2.339E-04
  67.00   31.35   3.28999  2.5987E-01    1.30    47.388 -2.238E-04
  68.00   31.81   3.25202  2.6113E-01    1.31    47.426 -2.137E-04
  69.00   32.27   3.21378  2.6241E-01    1.32    47.464 -2.035E-04
  70.00   32.73   3.17528  2.6372E-01    1.32    47.502 -1.933E-04
  71.00   33.19   3.13653  2.6506E-01    1.33    47.541 -1.831E-04
  72.00   33.65   3.09755  2.6642E-01    1.34    47.580 -1.728E-04
  73.00   34.10   3.05835  2.6781E-01    1.34    47.619 -1.625E-04
  74.00   34.56   3.01894  2.6923E-01    1.35    47.659 -1.522E-04
  75.00   35.02   2.97933  2.7068E-01    1.36    47.698 -1.418E-04
  76.00   35.47   2.93953  2.7216E-01    1.36    47.738 -1.314E-04
  77.00   35.93   2.89957  2.7366E-01    1.37    47.778 -1.210E-04
  78.00   36.38   2.85944  2.7520E-01    1.37    47.818 -1.106E-04
  79.00   36.83   2.81916  2.7677E-01    1.38    47.858 -1.002E-04
  80.00   37.29   2.77874  2.7836E-01    1.38    47.899 -8.972E-05
  81.00   37.74   2.73820  2.7999E-01    1.38    47.939 -7.927E-05
  82.00   38.19   2.69755  2.8165E-01    1.39    47.980 -6.882E-05
  83.00   38.64   2.65680  2.8334E-01    1.39    48.021 -5.837E-05
  84.00   39.09   2.61596  2.8506E-01    1.39    48.062 -4.792E-05
  85.00   39.54   2.57504  2.8682E-01    1.39    48.103 -3.748E-05
  86.00   39.99   2.53407  2.8861E-01    1.40    48.144 -2.705E-05
  87.00   40.44   2.49304  2.9043E-01    1.40    48.185 -1.664E-05
  88.00   40.88   2.45197  2.9228E-01    1.40    48.226 -6.243E-06
  89.00   41.33   2.41088  2.9417E-01    1.40    48.267  4.133E-06
  90.00   41.77   2.36978  2.9609E-01    1.40    48.308  1.449E-05
  91.00   42.22   2.32868  2.9804E-01    1.40    48.349  2.481E-05
  92.00   42.66   2.28759  3.0003E-01    1.39    48.390  3.511E-05
  93.00   43.10   2.24652  3.0205E-01    1.39    48.431  4.538E-05
  94.00   43.54   2.20550  3.0410E-01    1.39    48.472  5.561E-05
  95.00   43.98   2.16452  3.0619E-01    1.39    48.513  6.580E-05
  96.00   44.42   2.12361  3.0831E-01    1.39    48.554  7.595E-05
  97.00   44.86   2.08277  3.1047E-01    1.38    48.595  8.605E-05
  98.00   45.30   2.04201  3.1265E-01    1.38    48.636  9.611E-05
  99.00   45.73   2.00136  3.1488E-01    1.37    48.676  1.061E-04
 100.00   46.16   1.96082  3.1713E-01    1.37    48.717  1.161E-04
 101.00   46.60   1.92041  3.1941E-01    1.36    48.757  1.260E-04
 102.00   47.03   1.88013  3.2173E-01    1.36    48.798  1.358E-04
 103.00   47.46   1.84000  3.2408E-01    1.35    48.838  1.456E-04
 104.00   47.89   1.80003  3.2645E-01    1.35    48.878  1.553E-04
 105.00   48.31   1.76024  3.2885E-01    1.34    48.917  1.650E-04
 106.00   48.74   1.72063  3.3128E-01    1.33    48.957  1.746E-04
 107.00   49.16   1.68122  3.3374E-01    1.33    48.996  1.841E-04
 108.00   49.58   1.64201  3.3621E-01    1.32    49.036  1.935E-04
 109.00   50.00   1.60303  3.3871E-01    1.31    49.075  2.029E-04
 110.00   50.42   1.56429  3.4122E-01    1.30    49.113  2.122E-04
 111.00   50.83   1.52579  3.4375E-01    1.29    49.152  2.214E-04
 112.00   51.24   1.48754  3.4628E-01    1.28    49.190  2.305E-04
 113.00   51.65   1.44957  3.4883E-01    1.27    49.228  2.395E-04
 114.00   52.06   1.41187  3.5137E-01    1.26    49.266  2.485E-04
 115.00   52.47   1.37447  3.5391E-01    1.25    49.303  2.573E-04
 116.00   52.87   1.33737  3.5644E-01    1.24    49.340  2.661E-04
 117.00   53.27   1.30059  3.5896E-01    1.23    49.377  2.748E-04
 118.00   53.67   1.26413  3.6144E-01    1.22    49.414  2.833E-04
 119.00   54.06   1.22800  3.6390E-01    1.21    49.450  2.918E-04
 120.00   54.46   1.19223  3.6631E-01    1.19    49.485  3.002E-04
 121.00   54.84   1.15681  3.6866E-01    1.18    49.521  3.085E-04
 122.00   55.23   1.12177  3.7094E-01    1.17    49.556  3.167E-04
 123.00   55.61   1.08710  3.7314E-01    1.16    49.591  3.247E-04
 124.00   55.99   1.05282  3.7524E-01    1.14    49.625  3.327E-04
 125.00   56.36   1.01895  3.7721E-01    1.13    49.659  3.405E-04
 126.00   56.73 9.855E-01  3.7904E-01    1.11    49.692  3.483E-04
 127.00   57.09 9.524E-01  3.8070E-01    1.10    49.725  3.559E-04
 128.00   57.45 9.198E-01  3.8216E-01    1.08    49.758  3.634E-04
 129.00   57.81 8.877E-01  3.8339E-01    1.07    49.790  3.708E-04
 130.00   58.16 8.559E-01  3.8434E-01    1.05    49.822  3.781E-04
 131.00   58.50 8.247E-01  3.8498E-01    1.04    49.853  3.852E-04
 132.00   58.84 7.939E-01  3.8526E-01    1.02    49.884  3.923E-04
 133.00   59.17 7.636E-01  3.8512E-01    1.00    49.914  3.992E-04
 134.00   59.49 7.338E-01  3.8448E-01    0.99    49.944  4.060E-04
 135.00   59.81 7.045E-01  3.8329E-01    0.97    49.973  4.126E-04
 136.00   60.12 6.757E-01  3.8144E-01    0.95    50.002  4.192E-04
 137.00   60.42 6.474E-01  3.7884E-01    0.94    50.030  4.256E-04
 138.00   60.72 6.196E-01  3.7537E-01    0.92    50.058  4.319E-04
 139.00   61.00 5.924E-01  3.7089E-01    0.90    50.085  4.380E-04
 140.00   61.27 5.657E-01  3.6524E-01    0.88    50.112  4.440E-04
 141.00   61.53 5.395E-01  3.5824E-01    0.86    50.138  4.499E-04
 142.00   61.78 5.139E-01  3.4967E-01    0.84    50.164  4.557E-04
 143.00   62.02 4.889E-01  3.3928E-01    0.82    50.189  4.613E-04
 144.00   62.25 4.645E-01  3.2677E-01    0.80    50.213  4.668E-04
 145.00   62.46 4.406E-01  3.1177E-01    0.79    50.237  4.721E-04
 146.00   62.65 4.173E-01  2.9388E-01    0.77    50.260  4.773E-04
 147.00   62.83 3.946E-01  2.7260E-01    0.75    50.283  4.824E-04
 148.00   62.98 3.725E-01  2.4732E-01    0.72    50.305  4.873E-04
 149.00   63.12 3.511E-01  2.1734E-01    0.70    50.327  4.921E-04
 150.00   63.23 3.302E-01  1.8181E-01    0.68    50.347  4.967E-04
 151.00   63.32 3.100E-01  1.3967E-01    0.66    50.368  5.012E-04
 152.00   63.38 2.903E-01  8.9679E-02    0.64    50.387  5.055E-04
 153.00   63.41 2.714E-01  3.0300E-02    0.62    50.406  5.097E-04
 154.00   63.41 2.530E-01 -4.0352E-02    0.60    50.425  5.138E-04
 155.00   63.37 2.353E-01 -1.2460E-01    0.58    50.442  5.177E-04
 156.00   63.29 2.183E-01 -2.2531E-01    0.56    50.459  5.215E-04
 157.00   63.17 2.019E-01 -3.4610E-01    0.53    50.476  5.251E-04
 158.00   62.99 1.862E-01 -4.9146E-01    0.51    50.491  5.285E-04
 159.00   62.75 1.711E-01 -6.6710E-01    0.49    50.507  5.319E-04
 160.00   62.45 1.567E-01 -8.8029E-01    0.47    50.521  5.350E-04
 161.00   62.07 1.430E-01 -1.1403E+00    0.44    50.535  5.380E-04
 162.00   61.60 1.299E-01 -1.4593E+00    0.42    50.548  5.409E-04
 163.00   61.04 1.176E-01 -1.8528E+00    0.40    50.560  5.436E-04
 164.00   60.36 1.059E-01 -2.3415E+00    0.38    50.572  5.462E-04
 165.00   59.55 9.492E-02 -2.9524E+00    0.35    50.583  5.486E-04
 166.00   58.58 8.463E-02 -3.7217E+00    0.33    50.593  5.508E-04
 167.00   57.43 7.504E-02 -4.6977E+00    0.31    50.603  5.529E-04
 168.00   56.06 6.614E-02 -5.9455E+00    0.28    50.611  5.549E-04
 169.00   54.43 5.795E-02 -7.5521E+00    0.26    50.620  5.567E-04
 170.00   52.50 5.045E-02 -9.6345E+00    0.24    50.627  5.583E-04
 171.00   50.19 4.367E-02 -1.2346E+01    0.21    50.634  5.598E-04
 172.00   47.44 3.759E-02 -1.5885E+01    0.19    50.640  5.611E-04
 173.00   44.16 3.223E-02 -2.0489E+01    0.17    50.645  5.623E-04
 174.00   40.24 2.758E-02 -2.6410E+01    0.14    50.650  5.633E-04
 175.00   35.57 2.364E-02 -3.3837E+01    0.12    50.654  5.641E-04
 176.00   30.07 2.041E-02 -4.2734E+01    0.10    50.657  5.648E-04
 177.00   23.67 1.790E-02 -5.2564E+01    0.07    50.660  5.654E-04
 178.00   16.39 1.611E-02 -6.2030E+01    0.05    50.662  5.658E-04
 179.00    8.40 1.503E-02 -6.9107E+01    0.02    50.663  5.660E-04
 180.00    0.00 1.468E-02 -7.1759E+01    0.00    50.663  5.661E-04
